Size 200x200
PenColor 00A2E8
BrushColor 00A2E8
Polygon 0,104, 0,96, 25,96, 25,104
Polygon 200,96, 200,104, 175,104, 175,96

Polygon 88,0, 96,0, 96,25, 88,25
Polygon 104,0, 112,0, 112,25, 104,25

PenColor 22B14C
BrushColor 22B14C
Polygon 73,100, 74,85, 78,72, 85,61, 94,54, 104,52, 117,52, 127,55, 136,61, 139,63, 142,63, 143,60, 143,50, 136,45, 124,40, 113,38, 102,38, 91,41, 78,48, 68,59, 61,72, 58,85, 56,100, 58,115, 61,128, 68,141, 78,152, 91,159, 102,162, 113,162, 124,160, 136,155, 143,150, 143,140, 142,137, 139,137, 136,139, 127,145, 117,148, 104,148, 94,146, 85,139, 78,128, 74,115
