Size 800x800

PenColor C58468
BrushColor C58468

;T
Polygon 106,148, 202,148, 202,163, 162,163, 162,270, 146,270, 146,163, 106,163
;E
Polygon 307,148, 220,148, 220,270, 310,270, 310,256, 236,256, 236,214, 303,214, 303,200, 236,200, 236,162, 307,162
;T
Polygon 323,148, 419,148, 419,163, 379,163, 379,270, 363,270, 363,163, 323,163
;R
Polygon 437,270, 437,148, 491,148, 504,149, 517,152, 527,160, 533,170, 534,181, 518,181, 516,172, 509,165, 501,162, 491,161, 452,161, 452,202, 492,202, 503,201, 511,196, 516,189, 518,181, 534,181, 532,193, 525,204, 513,212, 499,214, 507,218, 515,226, 520,234, 544,270, 523,270, 500,233, 494,225, 488,220, 482,217, 474,216, 453,216, 453,270
;A
Polygon 546,270, 563,270, 576,233, 628,233, 623,220, 581,220, 602,164, 641,270, 660,270, 610,148, 593,148

;H
Polygon 98,323, 98,445, 114,445, 114,388, 177,388, 177,445, 193,445, 193,323, 177,323, 177,373, 114,373, 114,323
;Y
Polygon 207,323, 254,393, 254,445, 270,445, 270,393, 319,323, 300,323, 262,378, 227,323
;D
Polygon 333,445, 383,445, 399,443, 410,438, 420,430, 427,419, 432,406, 434,392, 434,383, 418,383, 418,389, 416,402, 411,415, 403,425, 393,429, 383,431, 350,431, 350,338, 383,338, 393,339, 403,344, 411,352, 416,364, 418,376, 418,383, 434,383, 434,374, 432,361, 427,349, 420,338, 410,330, 399,325, 383,323, 333,323
;R
Polygon 458,445, 458,323, 512,323, 525,324, 538,327, 548,335, 554,345, 555,356, 539,356, 537,347, 530,340, 522,337, 512,336, 473,336, 473,377, 513,377, 524,376, 532,371, 537,364, 539,356, 555,356, 553,368, 546,379, 534,387, 520,389, 528,393, 536,401, 541,409, 565,445, 544,445, 521,408, 515,400, 509,395, 503,392, 495,391, 474,391, 474,445
;O
Polygon 633,447, 620,446, 606,441, 593,432, 585,423, 578,409, 575,396, 574,376, 577,362, 582,350, 590,339, 603,329, 618,323, 633,322, 633,335, 645,336, 656,342, 666,352, 671,363, 674,379, 674,393, 672,405, 667,416, 657,426, 646,432, 633,434, 620,432, 608,426, 598,416, 593,405, 591,393, 591,379, 593,363, 598,352, 609,342, 620,336, 633,335, 633,322, 648,323, 662,329, 675,339, 682,350, 687,361, 690,376, 690,396, 687,409, 680,423, 672,432, 661,441, 647,446

C
Polygon 43,560, 44,549, 46,537, 51,526, 60,517, 71,512, 83,511, 94,512, 104,517, 112,525, 117,536, 132,532, 126,519, 118,509, 108,502, 97,498, 84,497, 73,498, 62,501, 49,508, 38,519, 31,532, 28,546, 27,560, 28,575, 31,588, 38,601, 49,613, 62,620, 73,622, 84,623, 97,622, 108,618, 118,611, 126,601, 134,583, 118,579, 113,593, 104,603, 94,608, 83,609, 71,608, 60,603, 51,593, 46,582, 44,573
U
Polygon 154,499, 154,582, 157,595, 161,604, 167,612, 178,619, 190,622, 203,623, 216,622, 226,619, 237,612, 243,604, 247,595, 250,582, 250,499, 234,499, 234,581, 233,589, 230,596, 226,601, 220,605, 213,608, 203,609, 192,608, 184,605, 178,601, 174,596, 171,589, 170,581, 170,499
B
Polygon 276,621, 276,499, 318,499, 334,500, 346,503, 356,511, 361,521, 363,532, 347,532, 345,523, 339,517, 331,514, 318,513, 292,513, 292,551, 318,551, 333,550, 340,547, 345,540, 347,532, 363,532, 360,543, 354,550, 345,556, 354,560, 362,567, 367,577, 368,586, 351,586, 350,578, 345,570, 335,566, 323,565, 292,565, 292,607, 323,607, 336,606, 346,601, 350,594, 351,586, 368,586, 367,595, 362,606, 354,614, 345,618, 335,620, 323,621
I
Polygon 393,621, 409,621, 409,499, 393,499
N
Polygon 437,621, 453,621, 453,525, 517,621, 534,621, 534,499, 518,499, 518,595, 454,499, 437,499
O
Polygon 614,623, 601,622, 587,617, 574,608, 566,599, 559,585, 556,572, 556,552, 558,538, 563,526, 571,515, 584,505, 599,499, 614,498, 614,511, 626,512, 637,518, 647,528, 652,539, 655,555, 655,569, 653,581, 648,592, 638,602, 627,608, 614,610, 601,608, 589,602, 579,592, 574,581, 572,569, 572,555, 574,539, 579,528, 590,518, 601,512, 614,511, 614,498, 629,499, 643,505, 656,515, 663,526, 668,537, 671,552, 671,572, 668,585, 661,599, 653,608, 642,617, 628,622
L
Polygon 692,621, 768,621, 768,607, 708,607, 708,499, 692,499
