Size 200x200
PenColor 00A2E8
BrushColor 00A2E8

Polygon 0,5, 0,15, 20,35, 25,30
Polygon 5,0, 15,0, 35,20, 30,25

Polygon 88,0, 96,0, 96,25, 88,25
Polygon 104,0, 112,0, 112,25, 104,25

Polygon 195,0, 185,0, 165,20, 170,25
Polygon 200,5, 200,15, 180,35, 175,30

Polygon 200,88, 200,96, 175,96, 175,88
Polygon 200,104, 200,112, 175,112, 175,104

Polygon 200,195, 200,185, 180,165, 175,170
Polygon 195,200, 185,200, 165,180, 170,175

Polygon 96,200, 88,200, 88,175, 96,175
Polygon 112,200, 104,200, 104,175, 112,175

Polygon 0,195, 0,185, 20,165, 25,170
Polygon 5,200, 15,200, 35,180, 30,175

Polygon 0,96, 0,88, 25,88, 25,96
Polygon 0,112, 0,104, 25,104, 25,112
