Size 200x200
Polygon 40,10, 46,11, 51,14, 54,19, 55,25, 54,31, 51,36, 46,39, 40,40, 34,39, 29,36, 26,31, 25,25, 26,19, 29,14, 34,11
Polygon 100,10, 106,11, 111,14, 114,19, 115,25, 114,31, 111,36, 106,39, 100,40, 94,39, 89,36, 86,31, 85,25, 86,19, 89,14, 94,11
Polygon 160,10, 166,11, 171,14, 174,19, 175,25, 174,31, 171,36, 166,39, 160,40, 154,39, 149,36, 146,31, 145,25, 146,19, 149,14, 154,11
Polygon 40,60, 46,61, 51,64, 54,69, 55,75, 54,81, 51,86, 46,89, 40,90, 34,89, 29,86, 26,81, 25,75, 26,69, 29,64, 34,61
Polygon 100,60, 106,61, 111,64, 114,69, 115,75, 114,81, 111,86, 106,89, 100,90, 94,89, 89,86, 86,81, 85,75, 86,69, 89,64, 94,61
Polygon 160,60, 166,61, 171,64, 174,69, 175,75, 174,81, 171,86, 166,89, 160,90, 154,89, 149,86, 146,81, 145,75, 146,69, 149,64, 154,61
Polygon 40,110, 46,111, 51,114, 54,119, 55,125, 54,131, 51,136, 46,139, 40,140, 34,139, 29,136, 26,131, 25,125, 26,119, 29,114, 34,111
Polygon 100,110, 106,111, 111,114, 114,119, 115,125, 114,131, 111,136, 106,139, 100,140, 94,139, 89,136, 86,131, 85,125, 86,119, 89,114, 94,111
Polygon 160,110, 166,111, 171,114, 174,119, 175,125, 174,131, 171,136, 166,139, 160,140, 154,139, 149,136, 146,131, 145,125, 146,119, 149,114, 154,111
Polygon 40,160, 46,161, 51,164, 54,169, 55,175, 54,181, 51,186, 46,189, 40,190, 34,189, 29,186, 26,181, 25,175, 26,169, 29,164, 34,161
Polygon 160,160, 166,161, 171,164, 174,169, 175,175, 174,181, 171,186, 166,189, 160,190, 154,189, 149,186, 146,181, 145,175, 146,169, 149,164, 154,161
