Size 200x200
PenColor FFFFFF
BrushColor FFFFFF
Polygon 40,25, 46,26, 51,29, 54,34, 55,40, 54,46, 51,51, 46,54, 40,55, 34,54, 29,51, 26,46, 25,40, 26,34, 29,29, 34,26
Polygon 100,25, 106,26, 111,29, 114,34, 115,40, 114,46, 111,51, 106,54, 100,55, 94,54, 89,51, 86,46, 85,40, 86,34, 89,29, 94,26
Polygon 160,25, 166,26, 171,29, 174,34, 175,40, 174,46, 171,51, 166,54, 160,55, 154,54, 149,51, 146,46, 145,40, 146,34, 149,29, 154,26
Polygon 40,85, 46,86, 51,89, 54,94, 55,100, 54,106, 51,111, 46,114, 40,115, 34,114, 29,111, 26,106, 25,100, 26,94, 29,89, 34,86
Polygon 100,85, 106,86, 111,89, 114,94, 115,100, 114,106, 111,111, 106,114, 100,115, 94,114, 89,111, 86,106, 85,100, 86,94, 89,89, 94,86
Polygon 160,85, 166,86, 171,89, 174,94, 175,100, 174,106, 171,111, 166,114, 160,115, 154,114, 149,111, 146,106, 145,100, 146,94, 149,89, 154,86
Polygon 40,145, 46,146, 51,149, 54,154, 55,160, 54,166, 51,171, 46,174, 40,175, 34,174, 29,171, 26,166, 25,160, 26,154, 29,149, 34,146
Polygon 100,145, 106,146, 111,149, 114,154, 115,160, 114,166, 111,171, 106,174, 100,175, 94,174, 89,171, 86,166, 85,160, 86,154, 89,149, 94,146
Polygon 160,145, 166,146, 171,149, 174,154, 175,160, 174,166, 171,171, 166,174, 160,175, 154,174, 149,171, 146,166, 145,160, 146,154, 149,149, 154,146
