Size 220x220
BrushColor 0
Polygon 126,42, 139,46, 133,65, 141,70, 150,79, 156,89, 159,99, 160,110, 159,120, 156,131, 150,141, 141,150, 131,156, 121,159, 110,160, 100,159, 89,156, 79,150, 70,141, 65,133, 46,138, 41,124, 40,110, 41,96, 45,83, 52,70, 60,60, 70,52, 83,45, 97,41, 110,40

;Size 210x210
;Polygon 96,36, 96,56, 84,59, 74,65, 65,74, 59,84, 56,95, 55,105, 56,115, 59,126, 65,136, 74,145, 84,151, 94,154, 105,155, 115,154, 126,151, 136,145, 145,136, 151,126, 154,115, 155,105, 154,95, 151,84, 145,74, 136,65, 126,59, 114,56, 114,36, 105,35
;Line 0,0, 200,200
;Ellipse 40,40, 181,181
;Ellipse 60,60, 161,161
;BrushColor -1
;Polygon 126,42, 139,46, 133,65, 141,70, 150,79, 156,89, 159,99, 160,110, 159,120, 156,131, 150,141, 141,150, 131,156, 121,159, 110,160, 100,159, 89,156, 79,150, 70,141, 65,133, 46,138, 41,124, 40,110, 41,96, 45,83, 52,70, 60,60, 70,52, 83,45, 97,41, 110,40
