Size 100x100
;Line 50,50, 50,50, 30
;;PenColor FFFF00
;Line 50,50, 50,50, 20
;Polygon 54,41, 59,46, 59,54, 54,59, 46,59, 41,54, 36,56, 44,64, 56,64, 64,56, 64,44, 56,36, 44,36, 36,44, 36,56, 41,54, 41,46, 46,41
Polygon 56,24, 64,16, 76,16, 84,24, 84,36, 76,44, 64,44, 56,36
;PenColor FF0000
;Angle 22.5
;Line 0,0, 100,100
;Angle 45
;Line 0,0, 100,100
;Angle 45
;Line 0,0, 100,100
;Angle 45
;Line 0,0, 100,100
;Angle 45
;Line 0,0, 100,100
;Angle 45
;Line 0,0, 100,100
;Angle 45
;Line 0,0, 100,100
;Angle 45
;Line 0,0, 100,100
