Size 400x400
BrushColor 000000
Polygon 133,214, 134,234, 137,254, 145,270, 165,287, 170,313, 164,319, 153,325, 155,313, 156,294, 165,287, 145,270, 131,285, 133,324, 131,347, 136,352, 148,342, 154,340, 126,370, 114,401, 115,414, 124,425, 134,428, 144,424, 171,395, 190,378, 187,373, 175,374, 166,379, 139,403, 132,406, 129,403, 140,388, 196,332, 215,304, 219,281, 216,268, 245,252, 242,267, 247,276, 248,289, 247,303, 259,314, 268,304, 299,279, 307,268, 303,265, 296,269, 293,267, 298,260, 288,257, 283,256, 275,266, 276,274, 266,284, 261,282, 270,253, 271,232, 266,228, 244,222, 239,223, 226,200, 225,185, 229,172, 230,158, 244,136, 252,117, 252,108, 241,99, 235,105, 232,103, 227,109, 227,125, 223,131, 210,127, 215,93, 215,81, 221,82, 227,75, 218,67, 219,57, 224,51, 220,45, 204,48, 200,64, 203,76, 196,86, 192,103, 188,98, 192,80, 198,72, 194,58, 187,69, 191,56, 189,49, 184,43, 165,45, 157,61, 148,68, 143,74, 146,81, 147,100, 150,110, 160,115, 172,127, 170,133, 167,146, 158,159, 138,197

BrushColor FF0000
PenColor FF0000
Polygon 233,110, 236,113, 244,107, 246,108, 239,118, 238,123, 244,120, 236,129, 237,133, 226,154, 223,149, 218,151, 214,149, 220,137, 225,136, 233,129, 231,113
Polygon 143,331, 148,334, 159,325, 166,324, 158,333, 149,335, 140,346, 137,344, 139,332, 139,315, 138,287, 149,277, 155,281, 147,288, 148,317
Polygon 256,280, 257,286, 261,290, 267,291, 264,296, 254,293, 253,299, 259,299, 263,301, 257,308, 250,301, 251,291, 252,276, 259,272
Polygon 220,71, 213,71, 213,63, 206,67, 208,75, 203,81, 206,88, 201,109, 206,114, 213,91, 211,77, 221,74
Polygon 289,279, 297,271, 287,272, 285,268, 287,265, 281,262, 277,271, 285,279
Polygon 129,419, 124,413, 134,412, 166,385, 174,383, 140,418

BrushColor FF7000
PenColor FF7000
Polygon 202,294, 200,273, 212,271, 210,263, 240,250, 249,244, 252,248, 246,264, 247,269, 252,276, 262,267, 266,240, 260,236, 237,235, 234,246, 226,241, 213,244, 199,243, 186,233, 182,219, 182,185, 186,161, 181,135, 179,119, 180,109, 172,95, 160,93, 151,100, 152,103, 158,105, 178,124, 171,151, 146,194, 138,223, 143,253, 150,270, 156,276, 161,272, 166,274, 175,302, 173,325, 132,372, 122,397, 133,381, 192,316

BrushColor FFFF00
PenColor FFFF00
Polygon 181,63, 177,82, 182,84, 188,81, 184,90, 179,87, 176,91, 184,96, 179,99, 172,90, 180,57, 186,52, 182,59
Polygon 213,286, 208,303, 188,332, 136,385, 125,399, 122,397, 133,381, 192,316, 202,294, 200,273, 212,271
Polygon 195,110, 191,109, 187,106, 188,103, 184,99, 182,103, 191,117, 198,124, 201,127, 206,123
Polygon 147,288, 155,281, 162,277, 164,281, 153,293, 148,317

BrushColor EAB9A6
PenColor EAB9A6
Polygon 232,235, 229,216, 217,201, 220,197, 216,183, 220,173, 224,170, 223,162, 220,156, 213,157, 211,162, 205,156, 196,154, 199,150, 204,150, 200,147, 197,143, 201,138, 208,141, 206,144, 208,145, 211,137, 215,132, 206,129, 199,134, 185,120, 180,109, 179,119, 181,135, 186,161, 182,185, 182,219, 186,233, 199,243, 213,244, 226,241
Polygon 172,50, 176,51, 175,57, 168,90, 160,93, 151,100, 150,85, 149,78, 167,60, 167,52

BrushColor EB8359
PenColor EB8359
Polygon 218,224, 212,223, 209,219, 209,216, 208,212, 204,212, 199,207, 197,214, 186,207, 182,207, 194,216, 199,217, 196,221, 199,223, 198,228, 203,233, 206,230, 199,223, 206,219, 208,225, 218,229, 223,228, 225,234, 222,237, 216,237, 211,233, 206,236, 202,241, 207,243, 214,239, 218,241, 225,241, 232,235, 226,230, 224,221, 226,217, 219,209, 213,216, 215,219, 217,218, 221,221
Polygon 213,164, 212,169, 211,187, 208,192, 213,195, 205,197, 197,190, 203,187, 206,180, 208,170, 207,166
Polygon 191,204, 190,188, 186,186, 183,188, 185,192, 184,195, 179,192, 174,195, 172,188, 179,180, 182,174, 179,168, 183,161, 180,154, 185,146, 191,149, 194,151, 191,156, 196,154, 194,166, 191,162, 186,171, 191,168, 196,171, 191,173, 188,172, 186,174, 188,179, 191,175, 195,178, 191,180, 188,182, 194,188, 193,191, 196,204, 193,207
Polygon 170,159, 175,139, 194,144, 190,146, 179,146, 174,163, 167,172, 164,169
Polygon 184,197, 189,202, 184,204, 176,202, 181,197
Polygon 182,213, 179,219, 184,221, 187,219, 186,216
Polygon 198,231, 190,224, 183,226, 193,236

BrushColor 303020
PenColor 030302
Polygon 196,106, 199,87, 202,86, 203,91, 199,106
Polygon 213,55, 211,57, 211,60, 208,62, 204,62, 206,53, 209,50, 217,50, 220,51, 217,54

BrushColor 000000
PenColor 000000
Polygon 200,304, 196,308, 191,308, 188,306, 191,303, 186,301, 182,304, 185,308, 184,314, 189,311, 192,316, 186,323, 175,316, 177,304, 182,294, 191,298, 195,294, 189,291, 191,287, 194,287, 196,279, 194,277, 191,282, 186,279, 175,286, 172,281, 177,273, 183,277, 184,273, 184,269, 189,269, 194,262, 193,257, 189,255, 186,257, 188,261, 184,264, 176,262, 169,253, 170,251, 178,257, 191,244, 213,271, 203,268, 201,272, 202,294
Polygon 172,207, 165,215, 165,221, 152,232, 157,238, 152,249, 157,255, 163,252, 165,255, 160,262, 163,266, 166,265, 168,268, 161,271, 150,259, 144,262, 138,238, 141,228, 159,214, 157,204, 164,199
Polygon 150,363, 158,353, 156,348, 163,341, 168,342, 174,336, 177,330, 183,327, 179,323, 173,325, 134,366, 139,372, 145,367, 143,363, 145,359
Polygon 154,72, 155,73, 162,73, 164,70, 157,67, 160,65, 165,68, 168,64, 165,59, 172,61, 168,72, 167,85, 155,86, 155,78, 152,74
Polygon 158,176, 155,185, 165,185, 168,182, 162,178, 165,176, 177,180, 170,186, 168,192, 165,189, 159,190, 152,188, 155,175
Polygon 149,208, 147,206, 159,194, 157,192, 152,194, 141,204, 139,212, 145,212, 151,214, 155,211, 153,207
Polygon 172,228, 174,236, 170,238, 162,233, 165,228

BrushColor FFFFFF
PenColor FFFFFF
Polygon 267,234, 262,231, 244,226, 236,228, 237,235, 245,231, 260,236, 266,240
Polygon 159,81, 164,81, 163,76, 160,77
Polygon 180,57, 178,52, 184,47, 186,52
