Size 400x400
BrushColor DB0000
PenColor DB0000
Polygon 99,240, 100,234, 99,226, 96,200, 118,169, 132,140, 159,112, 176,100, 250,110, 243,88, 217,76, 205,74, 189,66, 182,70, 173,70, 162,67, 157,72, 149,76, 130,69, 117,77, 108,80, 93,85, 76,101, 73,110, 64,117, 60,134, 62,149, 62,156, 60,167, 63,180, 65,192, 64,202, 70,213, 81,221, 90,231, 93,243

BrushColor FF7030
PenColor FF7030
Polygon 188,237, 184,242, 175,238, 178,233
Polygon 173,245, 175,250, 171,260, 167,259, 167,249
Polygon 191,216, 186,209, 203,220, 205,216, 214,222, 200,234, 195,234, 199,226, 195,222, 191,228, 188,223
Polygon 282,106, 288,100, 288,93, 300,86, 301,78, 328,77, 332,81, 329,84, 312,87, 298,96, 280,120, 273,116
Polygon 125,284, 147,259, 144,252, 151,247, 149,239, 154,233, 165,237, 168,240, 162,248, 164,262, 132,286, 125,298, 114,302, 118,295
Polygon 209,175, 216,180, 220,173, 217,161, 236,153, 243,159, 247,156, 246,151, 251,149, 255,154, 246,163, 246,168, 253,167, 253,178, 243,183, 231,195, 192,201, 188,190, 205,166

BrushColor FFD800
PenColor FFD800
Polygon 99,240, 100,234, 99,226, 96,200, 118,169, 132,140, 159,112, 176,100, 250,110, 259,109, 258,120, 252,125, 221,134, 193,146, 163,177, 127,251, 118,256, 102,256, 93,243
Polygon 275,144, 282,137, 294,110, 304,97, 321,89, 326,94, 318,101, 306,105, 299,113, 301,117, 308,112, 308,116, 305,121, 297,147, 289,156, 287,154
Polygon 203,241, 216,227, 217,230, 215,233, 217,236, 227,230, 238,219, 241,223, 234,234, 217,239, 203,252, 200,250
Polygon 177,307, 182,313, 185,311, 199,329, 202,346, 198,349, 192,329, 182,318, 165,316, 166,306
Polygon 276,188, 281,192, 300,182, 303,182, 300,187, 301,192, 296,197, 263,197, 264,192
Polygon 277,137, 280,127, 277,124, 267,122, 263,126, 268,131, 265,144, 267,146
Polygon 328,131, 332,127, 336,127, 338,120, 346,120, 349,122, 337,135, 330,137
Polygon 248,187, 258,185, 258,194, 253,198, 239,204, 234,199

BrushColor 007F0E
PenColor 007F0E
Polygon 294,86, 294,81, 289,85
Polygon 106,284, 113,275, 103,277
Polygon 118,295, 125,284, 121,281, 113,292
Polygon 132,257, 126,266, 130,268, 135,262
Polygon 166,192, 163,190, 167,185, 169,190
Polygon 183,169, 181,166, 178,168, 180,170
Polygon 173,179, 171,178, 174,173, 176,176
Polygon 191,164, 188,166, 184,163, 187,160
Polygon 199,155, 196,158, 193,155, 197,153
Polygon 208,153, 204,150, 209,145, 213,148
Polygon 220,146, 217,143, 222,140, 225,144
Polygon 268,105, 270,112, 265,116, 263,109
Polygon 102,262, 118,262, 121,267, 115,271, 104,269
Polygon 279,105, 276,99, 282,90, 288,93, 288,100, 282,106
Polygon 209,214, 202,213, 198,208, 225,201, 231,207, 221,223
Polygon 282,171, 274,185, 265,185, 258,162, 275,144, 287,154
Polygon 323,134, 319,135, 314,140, 310,134, 301,146, 313,146, 323,142
Polygon 154,233, 153,226, 154,221, 149,212, 157,198, 162,196, 168,201, 161,208, 161,224, 169,234, 165,237
Polygon 250,146, 245,144, 251,138, 246,137, 240,144, 240,146, 231,148, 233,142, 243,134, 254,131, 259,140
Polygon 154,306, 149,315, 144,309, 141,319, 130,315, 125,318, 117,308, 112,313, 118,325, 128,327, 159,318, 159,308
Polygon 184,225, 179,216, 186,195, 181,188, 188,181, 184,177, 176,185, 182,195, 171,209, 173,213, 167,221, 175,228, 180,228

BrushColor 000000
PenColor 000000
Polygon 72,224, 82,231, 90,231, 100,234, 133,232, 132,228, 99,226, 81,221, 70,213, 64,202, 65,192, 78,204, 96,211, 135,214, 136,212, 133,209, 95,204, 79,195, 63,180, 60,167, 62,156, 76,170, 106,187, 127,195, 136,194, 142,191, 142,185, 132,184, 125,187, 118,187, 86,170, 62,149, 60,134, 64,117, 73,110, 96,135, 136,167, 156,177, 156,170, 126,153, 89,120, 76,101, 93,85, 108,80, 122,103, 157,143, 169,151, 173,147, 122,91, 117,77, 130,69, 149,76, 176,131, 189,145, 193,142, 181,125, 157,72, 162,67, 173,70, 195,108, 197,124, 205,126, 206,121, 182,70, 189,66, 205,74, 224,122, 230,120, 229,112, 217,76, 243,88, 250,110, 259,109, 258,120, 252,125, 221,134, 193,146, 163,177, 127,251, 118,256, 102,256, 93,243, 90,231, 82,231, 84,242, 97,267, 104,269, 102,262, 118,262, 121,267, 115,271, 104,269, 97,267, 98,293, 106,284, 103,277, 113,275, 106,284, 98,293, 103,296, 113,292, 121,281, 125,284, 147,259, 144,252, 132,257, 135,262, 130,268, 126,266, 132,257, 144,252, 151,247, 149,239, 154,233, 153,226, 154,221, 149,212, 157,198, 162,196, 163,190, 166,192, 169,190, 167,185, 171,178, 173,179, 176,176, 174,173, 178,168, 180,170, 183,169, 181,166, 184,163, 188,166, 191,164, 187,160, 193,155, 196,158, 199,155, 197,153, 204,150, 208,153, 213,148, 209,145, 217,143, 220,146, 225,144, 231,148, 240,146, 240,144, 246,137, 251,138, 245,144, 250,146, 259,140, 254,131, 243,134, 233,142, 231,148, 225,144, 222,140, 217,143, 209,145, 204,150, 197,153, 193,155, 187,160, 184,163, 181,166, 178,168, 174,173, 171,178, 167,185, 163,190, 162,196, 168,201, 161,208, 161,224, 169,234, 175,228, 167,221, 173,213, 171,209, 182,195, 176,185, 184,177, 188,181, 181,188, 186,195, 179,216, 184,225, 180,228, 175,228, 169,234, 165,237, 168,240, 162,248, 164,262, 132,286, 125,298, 114,302, 118,295, 113,292, 103,296, 105,318, 110,329, 115,334, 128,327, 118,325, 112,313, 117,308, 125,318, 130,315, 141,319, 144,309, 149,315, 154,306, 159,308, 159,318, 128,327, 115,334, 132,332, 158,325, 176,323, 183,329, 190,350, 196,357, 198,349, 192,329, 182,318, 165,316, 166,306, 177,307, 182,313, 185,311, 199,329, 202,346, 198,349, 196,357, 203,354, 210,346, 205,325, 195,309, 179,301, 145,301, 131,305, 128,302, 139,287, 173,265, 171,260, 167,259, 167,249, 173,245, 175,250, 171,260, 173,265, 192,245, 195,234, 188,237, 184,242, 175,238, 178,233, 188,237, 195,234, 199,226, 195,222, 191,228, 188,223, 191,216, 186,209, 203,220, 205,216, 214,222, 200,234, 195,234, 192,245, 197,248, 194,255, 203,252, 200,250, 203,241, 216,227, 217,230, 215,233, 217,236, 227,230, 238,219, 241,223, 234,234, 217,239, 203,252, 194,255, 198,260, 205,257, 220,244, 239,238, 258,221, 254,217, 237,214, 243,209, 231,207, 221,223, 209,214, 202,213, 198,208, 226,202, 231,207, 243,209, 239,204, 234,199, 248,187, 243,183, 231,195, 192,201, 188,190, 205,166, 209,175, 216,180, 220,173, 217,161, 236,153, 243,159, 247,156, 246,151, 251,149, 255,154, 246,163, 246,168, 253,167, 253,178, 243,183, 248,187, 258,185, 258,194, 253,198, 239,204, 243,209, 264,204, 268,202, 263,197, 296,197, 301,192, 300,187, 303,182, 300,182, 281,192, 276,188, 264,192, 263,197, 268,202, 300,201, 305,197, 308,190, 313,179, 305,173, 297,178, 287,181, 284,178, 288,165, 295,158, 289,156, 297,147, 305,121, 308,116, 308,112, 301,117, 299,113, 306,105, 318,101, 326,94, 321,89, 304,97, 294,110, 282,137, 258,162, 265,185, 274,185, 282,171, 277,163, 283,156, 280,151, 289,143, 289,139, 294,132, 297,133, 294,146, 287,154, 289,156, 295,158, 300,150, 308,153, 319,149, 326,144, 323,142, 313,146, 301,146, 310,134, 314,140, 319,135, 323,134, 323,142, 326,144, 342,139, 337,135, 330,137, 328,131, 332,127, 336,127, 338,120, 346,120, 349,122, 337,135, 342,139, 354,127, 354,121, 347,113, 339,114, 320,126, 309,128, 318,108, 332,95, 332,89, 338,85, 332,81, 329,84, 312,87, 298,96, 280,120, 273,116, 282,106, 279,105, 276,99, 282,90, 288,93, 300,86, 301,78, 328,77, 332,81, 338,85, 341,79, 336,73, 316,69, 297,74, 284,81, 289,85, 294,81, 294,86, 289,85, 284,81, 273,93, 268,105, 270,112, 265,116, 267,122, 277,124, 280,127, 277,137, 267,146, 265,144, 268,131, 263,126, 267,122, 265,116, 263,109, 268,105, 273,93, 260,91, 227,71, 212,71, 190,61, 180,64, 161,62, 151,69, 128,64, 118,69, 107,76, 91,81, 74,94, 56,118, 52,136, 55,153, 52,173, 57,186, 57,197, 61,212
Polygon 71,184, 77,188, 79,187, 96,200, 101,195, 96,192, 92,192, 92,188, 91,185, 86,187, 85,182, 88,180, 85,178, 79,182, 76,182, 72,177, 67,178
Polygon 115,132, 118,129, 121,125, 121,120, 125,126, 127,122, 135,126, 129,139, 133,143, 135,150, 125,147, 110,135
Polygon 167,79, 166,84, 171,91, 168,97, 170,102, 176,98, 184,103, 188,100, 185,92, 180,96, 177,91, 179,84, 170,78
Polygon 85,221, 93,219, 99,222, 101,221, 102,215, 107,219, 109,215, 107,211, 96,211, 88,215, 83,210, 79,210
Polygon 192,83, 198,88, 194,91, 199,98, 207,98, 207,103, 212,104, 211,92, 205,84, 202,78, 196,80, 194,81
Polygon 144,105, 142,111, 152,112, 151,108, 154,105, 158,110, 163,108, 161,101, 151,100, 147,94, 140,99
Polygon 92,154, 94,158, 91,161, 94,165, 106,168, 110,173, 118,173, 120,164, 110,166, 96,151
Polygon 78,140, 74,145, 86,155, 90,151, 83,144, 86,141, 75,130, 72,133
Polygon 97,247, 101,248, 106,242, 104,236, 100,234, 99,240, 93,243
Polygon 97,107, 101,111, 106,120, 110,124, 103,127, 97,121, 93,107
Polygon 136,181, 142,177, 140,173, 135,175, 132,174, 129,178
Polygon 119,243, 126,238, 127,240, 123,248, 122,253, 118,256
Polygon 148,152, 154,166, 159,164, 153,157, 149,149
Polygon 124,202, 129,199, 134,203, 124,206, 120,203
Polygon 132,94, 139,95, 140,89, 132,83, 127,88
Polygon 110,250, 114,251, 114,245, 108,246
Polygon 178,149, 180,146, 171,135, 166,138
Polygon 195,139, 200,134, 192,127, 188,130
Polygon 240,121, 233,125, 232,120, 237,118
Polygon 246,109, 241,110, 238,103, 243,101
Polygon 108,103, 113,106, 116,100, 108,95
Polygon 103,108, 106,103, 102,98, 98,102
Polygon 226,99, 233,99, 235,93, 224,92
Polygon 79,161, 84,158, 78,153, 75,156
Polygon 129,219, 122,219, 126,223
