Size 400x400
BrushColor 000000
Polygon 16, 178,19, 171,24, 163,39, 153,55, 150,72, 162,82, 177,87, 199,97, 211,107, 205,101, 195,103, 187,101, 177,110, 175,112, 166,118, 162,123, 163,130, 155,144, 151,182, 114,219, 107,247, 109,260, 102,279, 102,310, 118,320, 110,337, 104,357, 109,339, 134,322, 134,274, 115,267, 117,287, 125,301, 136,314, 143,335, 144,358, 165,357, 178,347, 188,332, 201,322, 202,318, 199,315, 187,317, 180,301, 179,292, 174,285, 177,289, 184,285, 187,277, 186,277, 198,288, 209,285, 218,266, 238,254, 240,242, 231,244, 246,241, 264,244, 276,250, 283,243, 305,227, 314,218, 315,210, 308,211, 291,195, 297,188, 291,188, 281,171, 266,167, 251,161, 256,154, 250,147, 259,139, 251,127, 259,104, 260,91, 254,82, 258,67, 254,51, 238,52, 221,58, 221,62, 228,76, 237,74, 225,59, 206,58, 182,53, 174,44, 175,35, 186

BrushColor 303020
PenColor 303020
Polygon 247,113, 218,114, 187,119, 151,155, 157,156, 176,153, 207,167, 209,157, 216,144, 226,141, 231,125, 241,126, 243,120
Polygon 319,120, 326,113, 345,109, 347,112, 341,121, 330,125, 336,127, 324,128

BrushColor EB8359
PenColor EB8359
Polygon 21,177, 33,181, 37,173, 33,168, 26,170
Polygon 245,285, 240,278, 225,279, 219,287, 217,298, 233,296, 239,300
Polygon 345,158, 325,184, 333,189, 337,187, 335,182, 338,177, 347,179, 343,174, 346,167, 352,165
Polygon 200,291, 217,278, 214,275, 212,277, 209,276, 212,272, 207,272, 207,278, 201,275, 204,282, 197,280, 194,286
Polygon 102,216, 110,227, 118,228, 122,223, 125,226, 130,223, 133,227, 137,223, 138,218, 147,215, 153,216, 158,212, 148,208, 124,208, 120,209, 117,212, 113,208, 113,213, 109,214, 105,211

BrushColor FFD800
PenColor FFD800
Polygon 238,194, 242,206, 248,216, 262,208, 256,200, 260,196, 258,189, 266,194, 270,192, 262,186, 264,182, 270,187, 271,182, 267,179, 270,176, 277,177, 281,174, 272,165, 275,163, 282,167, 291,166, 274,150, 278,146, 294,149, 287,141, 281,138, 287,134, 272,122

BrushColor 007F0E
PenColor 007F0E
Polygon 208,259, 205,245, 198,245, 199,256
Polygon 264,119, 253,117, 248,122, 242,132, 236,133, 230,146, 221,149, 213,157, 211,169, 221,165, 227,171, 219,194, 203,199, 190,210, 202,232, 205,230, 197,222, 209,216, 203,199, 221,213, 225,211, 223,205, 229,202, 236,213, 236,218, 239,221, 248,216, 242,206, 238,194, 272,122

BrushColor 00A9D3
PenColor 00A9D3
Polygon 111,237, 125,236, 130,232, 112,234
Polygon 260,228, 262,225, 260,221, 255,225
Polygon 248,225, 246,222, 248,219, 251,222
Polygon 192,276, 209,266, 204,263, 197,264, 176,257, 182,269
Polygon 307,121, 279,107, 264,105, 254,109, 260,112, 272,109, 306,124
Polygon 282,208, 273,203, 267,201, 268,209, 265,214, 258,216, 266,221, 273,221, 272,213, 276,208
Polygon 340,153, 330,149, 308,148, 295,137, 291,139, 300,151, 294,153, 284,151, 301,172, 319,174, 325,164
Polygon 238,274, 236,264, 238,245, 233,226, 230,215, 223,221, 213,212, 217,225, 209,222, 204,225, 212,234, 209,240, 215,248, 214,268, 222,275
Polygon 62,200, 64,191, 71,187, 65,183, 69,177, 62,177, 65,172, 57,171, 61,166, 53,170, 52,163, 47,166, 46,161, 41,165, 36,161, 48,155, 65,162, 75,176, 81,200, 96,217, 96,225, 105,234, 104,237, 93,236, 85,227, 82,217, 79,206, 73,212, 74,218, 65,207
Polygon 108,182, 109,179, 114,179, 115,172, 120,167, 124,170, 122,173, 125,175, 128,172, 134,174, 138,171, 133,167, 127,167, 133,159, 144,156, 148,161, 143,166, 147,168, 156,163, 168,158, 186,161, 203,172, 159,175, 149,172, 147,176, 157,182, 179,178, 204,179, 219,174, 215,190, 199,194, 189,204, 179,205, 168,195, 164,197, 174,207, 163,213, 156,206, 148,204, 149,191, 139,178, 132,178, 125,185, 127,194, 121,196, 117,187

BrushColor FFFFFF
PenColor FFFFFF
Polygon 280,216, 277,216, 278,221
Polygon 353,170, 350,171, 350,175, 354,172
Polygon 345,183, 341,182, 339,184, 341,186
Polygon 327,194, 330,192, 327,190, 325,192
Polygon 268,229, 265,226, 268,225, 270,227
Polygon 259,234, 255,230, 253,233, 255,236
Polygon 230,307, 236,304, 231,300, 227,304
Polygon 221,310, 224,307, 220,304, 219,305
Polygon 124,208, 130,202, 128,198, 121,201, 120,205, 120,209
Polygon 143,245, 147,249, 154,227, 150,221, 141,222, 149,233
Polygon 86,249, 80,245, 72,245, 58,233, 57,237, 67,249, 80,252
Polygon 108,201, 113,205, 118,200, 115,190, 110,187, 107,189, 111,195
Polygon 138,192, 132,187, 132,184, 135,181, 141,185, 144,190, 144,199, 139,203, 136,200, 137,196
Polygon 138,245, 127,254, 108,255, 96,250, 83,240, 77,222, 80,222, 85,235, 96,247, 108,252, 122,249, 132,238, 139,229, 144,234
Polygon 166,243, 170,237, 181,247, 186,242, 191,247, 190,237, 192,235, 197,235, 185,211, 180,208, 163,219, 167,225, 159,221, 156,223, 157,231, 154,243, 161,240

BrushColor 000000
PenColor 000000
Polygon 227,198, 225,194, 228,192, 229,195
Polygon 229,269, 225,266, 230,260, 231,264
Polygon 224,257, 218,254, 221,250, 226,253
Polygon 159,192, 161,189, 163,192, 161,194
Polygon 241,217, 236,207, 230,199, 233,194, 233,192, 238,186, 232,180, 242,172, 247,172, 243,163, 253,151, 257,141, 262,136, 255,128, 247,124, 254,122, 264,131, 266,121, 272,125, 267,132, 270,139, 265,141, 267,143, 258,147, 259,159, 253,160, 255,174, 244,179, 238,194
