Size 400x400
BrushColor 000000
Polygon 53,332, 57,334, 66,331, 75,326, 91,333, 99,334, 113,331, 126,324, 138,311, 141,301, 153,300, 162,309, 176,312, 151,335, 152,346, 162,352, 184,352, 193,355, 201,346, 202,332, 211,324, 221,317, 233,312, 244,300, 248,282, 246,269, 239,259, 248,257, 258,247, 259,235, 275,223, 290,222, 298,213, 304,205, 309,199, 327,191, 336,181, 340,165, 337,156, 324,143, 316,141, 311,144, 311,150, 302,150, 299,154, 299,163, 282,171, 285,151, 296,138, 304,126, 309,121, 304,111, 292,102, 283,98, 293,85, 304,83, 317,70, 316,59, 305,54, 288,37, 280,36, 278,38, 277,42, 272,42, 267,46, 268,54, 272,59, 269,61, 260,61, 248,70, 239,72, 224,85, 202,86, 195,79, 188,77, 184,93, 160,101, 145,118, 134,133, 135,141, 99,172, 85,207, 83,229, 92,258, 101,267, 100,287, 87,300, 59,307, 51,317, 51,325

BrushColor DB0000
PenColor DB0000
Polygon 197,88, 198,97, 217,115, 204,122, 191,102, 188,90, 193,83
Polygon 196,177, 193,189, 196,193, 201,180, 223,158, 220,153, 214,155, 206,161

BrushColor EB8359
PenColor EB8359
Polygon 282,110, 280,114, 277,113, 280,109
Polygon 240,267, 243,273, 237,272, 230,266, 222,263, 216,260, 219,259, 233,263
Polygon 295,81, 302,79, 313,68, 312,65, 304,59, 288,41, 283,42, 285,47, 282,50, 276,46, 272,50, 274,55, 284,59, 275,64, 279,68, 289,73, 289,80
Polygon 331,182, 334,173, 335,161, 324,147, 319,146, 316,149, 318,153, 314,155, 308,154, 303,159, 306,162, 312,160, 316,164, 314,167, 306,167, 307,172, 319,182, 308,191, 311,194, 324,189
Polygon 296,132, 282,149, 278,171, 266,186, 266,195, 270,207, 270,212, 264,215, 263,208, 249,199, 245,197, 245,193, 253,188, 257,185, 253,179, 256,173, 261,174, 269,163, 270,153, 273,147, 280,143, 296,128
Polygon 292,106, 301,112, 305,120, 292,123, 280,137, 271,141, 264,148, 264,162, 262,165, 258,160, 261,152, 255,145, 260,137, 258,132, 261,128, 268,128, 272,119, 275,117, 280,119, 285,114, 286,109, 281,106, 282,102
Polygon 186,229, 161,254, 139,281, 140,295, 149,298, 154,290, 156,292, 157,299, 167,304, 174,305, 178,302, 185,305, 197,299, 189,295, 184,299, 181,297, 188,288, 181,281, 176,282, 173,276, 184,268, 196,262, 211,262, 211,258, 198,259, 168,271, 164,268, 171,266, 164,257, 168,253, 179,261, 193,255, 210,252, 227,240, 196,235

BrushColor FFD800
PenColor FFD800
Polygon 157,210, 177,215, 191,223, 203,230, 192,228, 184,222, 166,218
Polygon 246,251, 232,257, 218,254, 232,242, 255,240
Polygon 207,90, 227,90, 222,96, 225,102, 232,104, 225,112, 222,116, 218,111, 222,108, 218,104, 215,104, 212,102, 217,98, 213,95, 208,96, 204,92
Polygon 164,104, 150,117, 138,136, 140,139, 155,139, 159,143, 141,160, 139,177, 145,191, 159,205, 186,213, 213,229, 242,231, 220,220, 238,201, 242,201, 241,192, 229,190, 220,194, 211,189, 210,182, 206,187, 204,193, 197,201, 188,191, 193,173, 198,160, 193,151, 195,136, 199,123, 189,109, 184,99

BrushColor 007F0E
PenColor 007F0E
Polygon 225,112, 227,116, 242,121, 247,112, 267,119, 265,124, 258,124, 251,133, 255,138, 251,143, 244,134, 233,140, 229,150, 232,154, 234,159, 246,155, 252,150, 256,155, 255,160, 259,167, 253,170, 247,167, 245,180, 249,184, 242,189, 232,187, 232,174, 228,174, 227,184, 220,189, 216,187, 213,178, 227,165, 229,157, 222,150, 212,148, 202,155, 198,143, 202,127, 211,128, 219,121, 222,116
Polygon 174,160, 169,161, 169,145, 174,144
Polygon 156,193, 169,203, 186,209, 178,201, 165,191, 156,179, 154,167, 145,177
Polygon 220,220, 238,201, 242,201, 251,204, 259,210, 258,222, 254,225, 249,225, 242,231

BrushColor 00A9D3
PenColor 00A9D3
Polygon 275,107, 270,112, 260,113, 249,106, 235,98, 231,97, 228,94, 237,93, 254,95, 270,101

BrushColor 00350E
PenColor 00350E
Polygon 284,89, 275,97, 263,92, 246,88, 231,87, 247,76, 254,73, 267,66, 285,84
Polygon 288,215, 273,218, 274,201, 270,189, 281,178, 286,179, 297,170, 302,170, 302,178, 304,195
Polygon 197,305, 205,299, 204,295, 196,295, 184,278, 182,274, 197,271, 214,266, 226,269, 233,278, 241,283, 238,298, 225,309, 208,317, 196,329, 196,343, 192,349, 179,346, 159,344, 156,337, 186,308
Polygon 103,175, 92,208, 91,227, 99,253, 108,265, 109,282, 92,303, 63,312, 59,315, 60,327, 69,319, 104,318, 120,300, 121,287, 126,281, 140,295, 139,281, 161,254, 186,229, 164,222, 135,194, 134,161, 145,145, 138,145

BrushColor FFFFFF
PenColor FFFFFF
Polygon 237,143, 245,141, 246,148, 237,153, 234,150
Polygon 232,109, 240,109, 243,112, 239,116, 231,114
Polygon 130,315, 120,322, 104,331, 90,329, 86,324, 106,324, 118,312, 123,308, 126,296, 130,295, 136,302

BrushColor 000000
PenColor 000000
Polygon 255,121, 257,123, 255,124, 252,122
Polygon 260,104, 257,102, 254,104, 259,108
Polygon 219,185, 222,186, 223,181, 220,183
Polygon 172,124, 181,119, 190,128, 193,127, 187,118, 193,114, 191,112, 180,112, 179,111, 184,108, 181,106, 170,109, 160,119, 163,121, 169,115, 174,113, 174,118, 167,122, 158,131, 161,133
Polygon 145,177, 156,193, 186,209, 165,191, 156,179, 154,164, 158,162, 160,176, 169,189, 176,184, 168,172, 171,169, 179,181, 182,179, 186,184, 184,189, 197,201, 195,203, 179,188, 174,195, 190,208, 202,211, 200,215, 164,203, 144,182
Polygon 173,165, 181,160, 187,166, 191,165, 185,155, 186,146, 191,143, 185,137, 187,132, 185,129, 180,141, 180,143, 181,146, 181,158, 178,157, 178,147, 180,143, 180,141, 176,136, 172,141, 169,138, 177,129, 176,127, 164,139, 162,137, 160,139, 166,146, 166,163, 169,161, 174,160, 174,144, 169,145, 169,161, 166,163, 161,170, 163,172
Polygon 211,206, 215,208, 221,208, 221,199, 227,201, 228,208, 232,204, 227,201, 221,199, 225,195, 241,199, 249,206, 247,208, 246,214, 238,214, 243,209, 240,203, 232,210, 238,214, 246,214, 249,223, 241,230, 217,228, 211,224, 215,219, 220,220, 224,220, 232,221, 234,217, 227,215, 224,220, 220,220, 221,215, 212,212, 208,206
Polygon 101,209, 111,187, 131,167, 131,162, 106,189, 97,211, 94,235, 99,235
Polygon 131,184, 126,190, 120,181, 128,174
Polygon 120,195, 118,201, 111,203, 116,216, 110,220, 105,215, 110,192, 118,189
Polygon 113,227, 123,223, 124,226, 114,233, 117,237, 125,235, 125,241, 112,247, 117,253, 121,252, 123,256, 111,257, 107,253, 109,246, 105,235, 107,232, 106,226
Polygon 140,237, 148,249, 150,242, 140,231, 142,227, 153,238, 155,233, 144,220, 142,216, 157,226, 168,239, 166,232, 169,230, 177,235, 189,235, 188,240, 186,244, 176,244, 174,249, 169,243, 162,238, 157,241, 159,247, 135,268, 148,278, 145,280, 136,278, 128,266, 131,260, 128,254, 130,251, 135,259, 145,254, 143,244, 135,248, 132,241

BrushColor CC5030
PenColor CC5030
Polygon 167,282, 170,286, 167,289, 163,288, 158,288, 152,288, 150,286, 152,284, 162,285
Polygon 160,271, 162,268, 157,269, 157,274, 153,273, 150,277, 158,280
Polygon 150,293, 145,290, 145,285, 142,286, 145,290, 145,293, 147,295
