Size 400x400
BrushColor 000000
Polygon 46,230, 43,239, 52,247, 71,266, 91,277, 121,281, 128,275, 145,276, 155,269, 168,269, 176,264, 184,265, 184,281, 175,290, 174,302, 180,310, 191,310, 205,294, 208,281, 210,260, 226,244, 225,226, 245,211, 259,211, 262,216, 253,230, 253,235, 259,240, 266,240, 290,217, 285,184, 297,166, 299,153, 297,143, 287,151, 287,160, 284,166, 283,157, 287,151, 297,143, 316,136, 329,140, 334,148, 331,162, 316,196, 302,214, 287,239, 280,254, 280,269, 281,279, 290,285, 295,283, 296,270, 300,257, 307,242, 345,194, 355,167, 358,138, 349,119, 332,104, 323,100, 316,97, 251,80, 223,81, 189,94, 172,112, 154,150, 153,162, 146,171, 143,186, 130,201, 126,223, 124,228, 119,233, 117,241, 94,238, 82,232, 72,227, 75,217, 65,211, 59,204, 53,206, 46,213, 45,217, 41,217, 37,219, 37,222

BrushColor 00350E
PenColor 00350E
Polygon 48,226, 44,221, 48,222
Polygon 128,230, 132,222, 135,203, 147,186, 156,165, 159,151, 175,116, 192,98, 226,84, 251,84, 310,97, 304,103, 291,104, 256,97, 231,106, 208,120, 191,141, 167,196, 162,214, 143,231, 132,232

BrushColor FF7030
PenColor FF7030
Polygon 51,234, 56,232, 63,237, 56,240, 51,238
Polygon 114,253, 118,250, 132,252, 147,247, 157,258
Polygon 50,219, 54,213, 57,213, 61,217, 59,220, 63,222, 69,221, 67,225, 55,225, 49,230
Polygon 295,250, 292,262, 289,274, 285,272, 285,261, 296,233, 321,199, 336,172, 341,152, 337,141, 325,132, 307,132, 298,136, 249,141, 248,154, 280,186, 285,218, 263,238, 259,232, 275,213, 276,206, 265,195, 249,192, 246,184, 235,167, 232,169, 240,187, 236,189, 227,167, 222,171, 227,178, 221,178, 217,180, 228,185, 204,218, 191,232, 182,217, 176,218, 186,235, 203,251, 201,289, 186,303, 179,300, 179,292, 193,275, 198,268, 196,262, 197,253, 179,240, 173,223, 169,217, 164,216, 237,132, 256,116, 275,112, 299,113, 310,121, 321,116, 331,118, 343,128, 348,141, 346,162, 335,189

BrushColor FFD800
PenColor FFD800
Polygon 90,256, 87,259, 84,254, 86,252
Polygon 83,248, 80,251, 78,249, 80,245
Polygon 77,241, 74,237, 71,240, 75,245
Polygon 228,185, 241,205, 220,224, 204,218
Polygon 164,265, 151,265, 144,271, 122,268, 104,263, 94,256, 81,242, 78,236, 96,249, 114,253, 157,258, 166,257, 170,260
Polygon 63,242, 66,242, 87,265, 93,261, 97,263, 97,267, 101,264, 104,268, 109,268, 118,274, 114,277, 88,268, 76,264, 61,247

BrushColor 007F0E
PenColor 007F0E
Polygon 189,264, 192,268, 189,270
Polygon 266,208, 268,210, 265,213, 263,211
Polygon 220,224, 222,245, 209,255, 205,246, 191,232, 204,218
Polygon 280,186, 248,154, 249,141, 298,136, 285,148, 280,160
Polygon 264,203, 262,201, 249,199, 242,195, 237,196, 249,206, 258,206
Polygon 292,158, 285,170, 285,177, 290,170, 295,159, 295,151, 292,148
Polygon 164,216, 166,222, 164,230, 173,243, 186,256, 173,256, 165,251, 152,237, 151,240, 147,239, 143,236, 138,238, 141,244, 137,245, 133,237, 128,239, 125,244, 122,242, 122,237, 128,230, 132,232, 143,231, 162,214, 167,196, 191,141, 208,120, 231,106, 256,97, 291,104, 304,103, 310,97, 325,107, 345,122, 354,140, 351,165, 339,191, 303,237, 335,189, 346,162, 348,141, 343,128, 331,118, 321,116, 310,121, 299,113, 275,112, 256,116, 237,132

BrushColor 001700
PenColor 001700
Polygon 192,225, 190,230, 196,230, 206,240, 202,231, 209,235, 210,230, 203,225, 205,221, 204,218, 194,220, 190,216, 186,220
Polygon 254,119, 271,136, 282,134, 290,129, 295,135, 285,145, 278,140, 272,141, 280,150, 274,153, 262,141, 264,136, 258,127
Polygon 277,163, 285,148, 271,160, 268,150, 261,150, 257,136, 254,135, 254,138, 249,141, 240,133, 238,140, 245,147, 244,151, 249,162, 254,161, 251,152, 254,147, 256,155, 261,158, 266,155, 266,162, 262,164, 266,167, 268,177, 278,184
