Size 400x400
BrushColor 000000
Polygon 214, 217,216, 205,233, 207,233, 225,208, 254,199, 268,189, 283,184, 298,182, 343,189, 354,199, 355,211, 341,205, 301,218, 283,230, 267,245, 237,245, 225,251, 216,247, 207,252, 196,256, 177,268, 166,274, 183,280, 182,290, 120,309, 94,328, 93,340, 109,347, 132,354, 132,356, 112,353, 102,348, 80,327, 49,297, 38,274, 44,264, 52,253, 47,245, 56,253, 68,252, 78,257, 82,254, 106,243, 116,241, 124,217, 107,204, 103,206, 79,210, 63,195, 51,187, 67,192, 80,175, 90,175, 102,183, 111,191, 117,202, 116,211, 125,207, 143,191, 157,175, 155,165, 130,164, 119,157, 114,146, 122,124, 129,86, 171,61, 218,50, 282,52, 329,57, 332,63, 293,85, 243,120, 208,149, 200,178, 221,184, 233

BrushColor FFFFFF
PenColor FFFFFF
Polygon 245,194, 246,187, 235,185, 228,180, 237,194, 237,202

BrushColor DB0000
PenColor DB0000
Polygon 214,261, 214,255, 220,255
Polygon 205,271, 211,269, 206,277
Polygon 197,283, 204,280, 199,288
Polygon 192,308, 192,299, 199,295
Polygon 233,249, 227,248, 235,239
Polygon 219,266, 227,264, 226,254
Polygon 213,280, 216,274, 221,269
Polygon 206,295, 213,285, 207,289
Polygon 237,209, 239,221, 245,212
Polygon 189,348, 186,327, 190,316, 199,315, 206,335, 200,346
Polygon 329,63, 342,82, 339,85, 334,78, 283,49, 301,45, 318,52
Polygon 140,157, 64,239, 90,179, 130,133, 152,124

BrushColor FF7030
PenColor FF7030
Polygon 160,124, 160,141, 172,165, 189,163, 181,188, 183,220, 162,203, 142,193, 148,151, 157,127, 157,120
Polygon 298,93, 262,59, 254,55, 253,58, 258,73, 264,80, 262,102, 285,115
Polygon 196,61, 199,74, 203,64, 206,67, 201,84, 196,80, 192,68

BrushColor FFD800
PenColor FFD800
Polygon 344,108, 348,115, 351,110, 348,103
Polygon 327,90, 303,87, 269,56, 276,50, 284,59, 332,87
Polygon 210,214, 189,223, 187,184, 196,170, 202,199, 211,209
Polygon 283,124, 277,165, 269,158, 265,134, 250,117, 263,109
Polygon 140,157, 135,196, 108,211, 78,247, 56,298, 64,239

BrushColor 007F0E
PenColor 007F0E
Polygon 213,202, 207,193, 198,160, 205,157, 210,172, 232,194, 230,199
Polygon 242,134, 244,128, 248,124, 262,158, 251,166, 246,165

BrushColor 00A9D3
PenColor 00A9D3
Polygon 199,105, 203,109, 224,117, 242,134, 246,165, 240,179, 228,170, 223,148, 218,147, 223,174, 220,176, 211,163, 208,148, 212,141, 215,120, 206,113, 194,110, 180,98, 181,92, 194,84, 199,87

BrushColor 000000
PenColor 000000
Polygon 192,326, 191,332, 194,336, 197,333, 199,326, 194,319
Polygon 195,96, 192,99, 189,96, 190,93, 194,93
Polygon 218,136, 221,138, 223,138, 221,134

BrushColor A00000
PenColor A00000
Polygon 79,209, 87,208, 90,195, 97,192, 104,194, 119,179, 129,179, 132,175, 134,161, 138,144, 145,129, 141,128, 126,148, 126,159, 129,163, 125,165, 109,159, 105,162, 112,166, 119,169, 125,170, 121,175, 116,172, 104,183, 93,185, 83,195

BrushColor CC5030
PenColor CC5030
Polygon 154,153, 155,155, 154,164, 148,160, 150,148, 154,141
Polygon 263,68, 265,77, 270,78, 273,71, 259,61
Polygon 271,90, 271,99, 266,97, 264,93, 265,85
