Size 500x500
BrushColor 000000
Polygon 114,209, 81,231, 78,250, 88,262, 89,268, 79,278, 76,291, 93,311, 99,323, 118,323, 120,338, 132,343, 140,358, 160,360, 171,365, 187,359, 209,361, 218,356, 235,356, 244,341, 260,334, 257,332, 242,339, 234,354, 211,355, 207,358, 186,355, 171,361, 161,357, 142,354, 135,341, 122,335, 120,320, 101,320, 95,309, 79,290, 80,279, 92,269, 91,260, 81,248, 83,233, 116,213
Polygon 394,224, 369,240, 335,270, 282,278, 224,257, 182,263, 143,289, 144,290, 182,266, 225,259, 282,279, 336,272, 370,242, 395,227
Polygon 260,334, 244,341, 235,356, 254,367, 268,369, 293,376, 298,363, 318,372, 348,371, 353,351, 381,347, 380,335, 413,324, 412,303, 419,283, 411,259, 397,243, 396,223, 394,225, 394,244, 408,260, 416,283, 410,302, 411,322, 378,333, 379,345, 350,349, 345,368, 319,369, 298,359, 291,373, 270,365, 255,364, 239,355, 243,343
Polygon 394,224, 369,240, 335,270, 282,278, 224,257, 182,263, 143,289, 144,290, 182,266, 225,259, 282,279, 336,272, 370,242, 395,227
Polygon 396,245, 392,265, 370,278, 366,293, 350,300, 342,311, 318,318, 319,320, 342,314, 352,302, 368,295, 372,280, 395,266, 398,248
Polygon 362,249, 366,258, 341,286, 327,286, 311,292, 299,289, 287,295, 264,287, 246,296, 231,283, 211,286, 194,282, 173,294, 159,294, 152,284, 151,285, 158,295, 174,296, 194,285, 211,288, 231,285, 246,298, 264,289, 287,297, 299,291, 310,295, 327,288, 341,289, 368,258, 363,247
Polygon 354,115, 345,99, 341,85, 309,73, 270,71, 240,86, 237,84, 269,68, 309,70, 343,81, 348,98, 359,113
Polygon 256,112, 252,98, 239,89, 232,81, 197,90, 175,122, 173,120, 195,88, 232,78, 241,87, 254,96, 258,112
Polygon 187,141, 173,120, 156,118, 131,133, 111,169, 104,192, 115,211, 117,218, 116,227, 125,242, 133,252, 137,266, 148,275, 155,279, 157,277, 149,274, 139,265, 135,251, 126,241, 118,227, 120,217, 117,209, 106,192, 113,170, 133,135, 157,120, 173,122, 185,142
Polygon 342,288, 330,307, 282,333, 207,321, 177,293, 205,323, 282,336, 332,308
Polygon 398,222, 413,212, 426,180, 418,163, 415,149, 402,140, 398,129, 375,111, 357,111, 357,115, 373,114, 396,131, 399,140, 412,151, 416,163, 423,179, 412,209, 395,221
Polygon 184,264, 167,254, 156,233, 154,216, 142,194, 155,179, 154,170, 185,139, 198,139, 216,146, 199,141, 186,141, 156,170, 158,179, 144,194, 157,215, 158,232, 169,252, 187,263
Polygon 203,261, 185,244, 182,232, 172,222, 172,210, 185,187, 205,171, 207,159, 225,141, 241,145, 280,139, 292,131, 298,141, 318,153, 325,170, 323,172, 317,154, 298,142, 293,134, 282,142, 242,147, 226,144, 209,160, 208,172, 187,189, 174,211, 175,222, 184,232, 187,244, 205,261
Polygon 294,276, 299,262, 320,234, 341,219, 348,208, 347,199, 350,209, 342,222, 322,237, 301,263, 298,275
Polygon 298,272, 310,265, 317,256, 327,255, 335,249, 343,249, 347,238, 359,236, 360,227, 369,217, 371,204, 373,203, 372,217, 362,228, 360,238, 349,240, 344,250, 336,252, 327,258, 319,258, 312,267, 299,276
Polygon 324,234, 301,224, 285,225, 261,241, 236,244, 223,240, 211,228, 187,222, 177,205, 176,207, 186,224, 210,231, 222,243, 236,247, 261,243, 286,228, 300,227, 320,235
Polygon 193,224, 192,209, 199,190, 224,170, 243,164, 260,164, 258,166, 243,166, 225,172, 201,192, 195,210, 195,225
Polygon 258,166, 259,175, 257,187, 269,204, 270,234, 274,233, 272,203, 260,186, 261,174, 260,166
Polygon 260,164, 271,169, 268,184, 273,197, 271,205, 270,195, 265,185, 268,171, 260,165
Polygon 262,164, 287,157, 309,163, 330,177, 340,193, 343,211, 341,211, 338,194, 329,178, 308,165, 287,159, 264,165
Polygon 321,171, 329,170, 334,161, 333,148, 352,123, 353,112, 357,114, 354,124, 335,150, 336,163, 332,171, 336,177, 334,185
Polygon 339,142, 360,138, 370,149, 371,155, 380,162, 377,186, 373,203, 371,204, 375,186, 378,163, 369,156, 367,149, 359,140, 336,148
Polygon 371,203, 365,198, 362,182, 349,178, 334,182, 334,185, 350,181, 361,183, 363,199, 370,206
Polygon 340,139, 339,129, 331,118, 308,106, 292,105, 284,103, 259,110, 236,119, 225,143, 228,144, 237,122, 260,112, 285,105, 291,107, 307,108, 330,120, 337,130, 337,143
Polygon 210,358, 216,377, 240,376, 219,373, 215,356
Polygon 268,367, 261,385, 251,389, 262,388, 275,369
Polygon 252,378, 259,373, 257,377
Polygon 261,386, 258,395, 247,398, 251,399, 251,403, 263,399, 265,383
Polygon 251,403, 238,403, 232,400, 220,399, 219,388, 222,390, 223,397, 232,398, 238,401
Polygon 221,387, 222,381, 228,390, 238,391, 227,392
