Size 450x450
;BrushColor FFFFFF
;Polygon 40,40, 410,40, 410,410, 40,410

BrushColor 000000
Polygon 189,177, 185,125, 177,82, 171,64, 164,50, 167,49, 174,63, 180,81, 188,125, 191,174
Polygon 218,159, 216,138, 205,104, 192,78, 178,59, 164,50, 167,49, 180,58, 194,76, 208,104, 219,138, 220,158
Polygon 242,152, 247,134, 255,113, 264,95, 277,78, 295,62, 307,56, 315,54, 316,56, 308,58, 297,64, 281,78, 268,95, 259,113, 250,134, 245,153
Polygon 271,161, 271,149, 275,128, 281,111, 293,88, 304,70, 315,54, 316,56, 306,72, 296,89, 284,112, 278,129, 274,149, 274,163
Polygon 307,253, 314,274, 315,291, 314,309, 308,333, 313,308, 313,291, 312,274, 305,253
Polygon 235,351, 240,358, 241,365, 237,377, 233,387, 224,399, 236,391, 247,378, 250,369, 250,360, 248,360, 248,368, 245,377, 235,388, 240,377, 243,365, 243,357, 238,349
Polygon 251,355, 253,364, 251,371, 248,375, 246,379, 253,374, 255,364, 252,354
Polygon 264,332, 265,340, 264,351, 260,361, 255,369, 261,363, 266,352, 268,339, 266,331
Polygon 269,300, 275,312, 276,322, 275,333, 268,344, 269,346, 277,334, 278,322, 277,311, 270,297
Polygon 343,236, 333,237, 302,220, 293,214, 284,211, 284,208, 293,210, 332,233, 341,232
Polygon 301,215, 312,215, 330,208, 346,190, 361,146, 331,155, 309,171, 300,180, 299,183, 282,184, 283,181, 297,180, 307,169, 330,152, 364,143, 348,191, 332,210, 313,217, 304,218
Polygon 299,198, 303,190, 319,172, 331,163, 340,162, 336,164, 322,175, 306,190, 301,199
Polygon 161,210, 144,203, 136,191, 133,173, 137,149, 143,128, 148,117, 157,128, 166,150, 169,170, 168,192, 166,193, 165,172, 162,152, 155,132, 148,122, 146,129, 141,150, 137,172, 140,191, 146,201, 162,207
Polygon 157,195, 160,169, 156,150, 149,139, 147,139, 153,150, 157,169
Polygon 169,180, 174,188, 172,189, 168,185
Polygon 285,234, 284,240, 285,266, 282,280, 272,296, 259,311, 248,320, 244,335, 240,346, 234,353, 223,357, 212,356, 202,349, 201,345, 203,345, 205,348, 212,353, 222,354, 231,351, 237,345, 241,334, 246,319, 257,308, 268,297, 279,279, 281,265, 282,239, 282,233
Polygon 193,311, 181,296, 172,278, 171,269, 173,237, 175,241, 174,268, 174,277, 182,294, 194,309
Polygon 236,326, 236,334, 229,342, 221,345, 214,341, 213,333, 219,324, 225,320, 225,322, 220,326, 215,333, 216,339, 221,341, 228,339, 235,333, 236,326
Polygon 203,322, 204,320, 213,318, 223,319, 223,317, 213,316, 203,318, 201,321
Polygon 202,323, 206,323, 211,327, 214,333, 214,342, 209,344, 199,342, 191,335, 189,324, 193,314, 195,299, 193,283, 190,262, 182,249, 179,248, 173,248, 162,248, 174,246, 180,246, 184,248, 192,262, 195,282, 196,299, 195,310, 195,315, 191,324, 193,334, 200,340, 209,342, 212,340, 212,333, 210,328, 203,325
Polygon 235,288, 234,271, 238,258, 243,244, 250,239, 257,239, 261,241, 267,242, 260,242, 252,240, 246,244, 240,257, 236,271
Polygon 250,242, 257,243, 267,244, 257,246, 250,245
Polygon 248,247, 252,248, 255,248, 254,245, 258,246, 257,251, 253,255, 248,256, 245,253, 248,252, 250,252, 248,249
Polygon 176,246, 171,249, 164,251, 171,251, 177,249
Polygon 184,251, 184,252, 181,252, 181,251, 179,251, 177,253, 177,257, 179,260, 182,263, 186,263, 189,262, 188,260, 186,261, 184,259, 185,257, 187,258
Polygon 272,182, 279,195, 281,211, 280,220, 275,230, 276,219, 276,211, 272,201, 273,200, 278,210, 278,219, 280,211, 277,196, 270,183
Polygon 271,205, 271,213, 267,225, 257,236, 259,228, 260,223, 252,232, 242,241, 251,231, 257,221, 260,214, 263,216, 262,223, 260,230, 265,224, 268,213, 268,205
Polygon 245,227, 242,234, 239,242, 237,242, 240,234, 243,227
Polygon 235,241, 235,237, 233,236, 229,242, 229,247, 233,253, 232,249, 232,242, 233,239
Polygon 225,239, 224,242, 225,247, 229,254, 224,249, 222,242, 223,238
Polygon 220,250, 220,255, 222,260, 223,262, 219,263, 213,260, 208,256, 213,263, 206,257, 204,251, 208,251, 212,256, 217,260, 220,261, 218,255, 218,250
Polygon 208,262, 195,254, 190,242, 185,229, 183,227, 179,230, 179,239, 175,236, 172,227, 170,216, 164,223, 163,215, 165,206, 172,196, 186,182, 201,172, 202,167, 215,162, 223,162, 231,158, 222,157, 214,159, 201,165, 197,170, 184,177, 171,191, 164,203, 160,215, 159,224, 161,235, 168,223, 169,230, 172,238, 181,243, 182,232, 187,246, 193,255, 207,264
Polygon 217,167, 227,160, 243,152, 257,151, 248,156, 238,163, 246,154, 236,158, 221,167, 223,164
Polygon 239,165, 249,159, 260,157, 267,159, 279,163, 290,169, 297,176, 296,180, 283,181, 292,177, 287,171, 274,166, 256,164, 260,161, 245,165
