Size 2000x2000
;BrushColor 800000
;Angle 22.5
;Angle 45

;Polygon 0,0, 1000,-414, 2000,0, 2414,1000, 2000,2000, 1000,2414, 0,2000, -414,1000
;Polygon 50,50, 1000,-344, 1950,50, 2344,1000, 1950,1950, 1000,2344, 50,1950, -344,1000
;Polygon 100,100, 1000,-273, 1900,100, 2273,1000, 1900,1900, 1000,2273, 100,1900, -273,1000
;Polygon 150,150, 1000,-202, 1850,150, 2202,1000, 1850,1850, 1000,2202, 150,1850, -202,1000
;Polygon 200,200, 1000,-131, 1800,200, 2131,1000, 1800,1800, 1000,2131, 200,1800, -131,1000
;Polygon 250,250, 1000,-61, 1750,250, 2061,1000, 1750,1750, 1000,2061, 250,1750, -61,1000
;Polygon 300,300, 1000,10, 1700,300, 1990,1000, 1700,1700, 1000,1990, 300,1700, 10,1000
;Polygon 350,350, 1000,81, 1650,350, 1919,1000, 1650,1650, 1000,1919, 350,1650, 81,1000
;Polygon 400,400, 1000,151, 1600,400, 1849,1000, 1600,1600, 1000,1849, 400,1600, 151,1000
;Polygon 450,450, 1000,222, 1550,450, 1778,1000, 1550,1550, 1000,1778, 450,1550, 222,1000
;Polygon 500,500, 1000,293, 1500,500, 1707,1000, 1500,1500, 1000,1707, 500,1500, 293,1000
;Polygon 550,550, 1000,364, 1450,550, 1636,1000, 1450,1450, 1000,1636, 550,1450, 364,1000
;Polygon 600,600, 1000,434, 1400,600, 1566,1000, 1400,1400, 1000,1566, 600,1400, 434,1000
;Line 1540,-310, 460,2310, 150
;Line 2310,460, -310,1540, 150
;Line 2310,1540, -310,460, 150
;Line 1540,2310, 460,-310, 150
;BrushColor F00000

Polygon 1155,428, 1180,367, 1000,293, 500,500, 293,1000, 367,1180, 428,1155, 364,1000, 550,550, 1000,364
Polygon 1293,485, 1318,424, 1500,500, 1575,682, 1515,707, 1450,550
Polygon 1572,845, 1632,820, 1707,1000, 1500,1500, 1318,1575, 1293,1515, 1450,1450, 1636,1000
Polygon 1180,1632, 1155,1572, 1000,1636, 550,1450, 485,1293, 425,1318, 500,1500, 1000,1707

Polygon 1255,187, 1279,126, 1000,10, 720,126, 745,187, 1000,81
Polygon 607,244, 583,183, 300,300, 10,1000, 126,1280, 186,1255, 81,1000, 350,350
Polygon 244,1392, 183,1417, 300,1700, 583,1817, 607,1756, 350,1650
Polygon 745,1813, 720,1874, 1000,1990, 1700,1700, 1990,1000, 1700,300, 1418,183, 1393,244, 1650,350, 1919,1000, 1650,1650, 1000,1919

Polygon 1354,-55, 1379,-116, 1000,-273, 100,100, -59,483, 2,508, 150,150, 1000,-202
Polygon -55,646, -116,621, -273,1000, 100,1900, 483,2059, 508,1998, 150,1850, -202,1000
Polygon 645,2055, 621,2116, 1000,2273, 1379,2116, 1354,2055, 1000,2202
Polygon 1492,1998, 1517,2059, 1900,1900, 2273,1000, 1900,100, 1517,-59, 1492,2, 1850,150, 2202,1000, 1850,1850
