Size 220x220
PenColor 00A2E8
BrushColor 00A2E8

PenColor FFFFFF
BrushColor FFFFFF
Polygon 58,70, 59,74, 60,76, 62,79, 63,80, 66,82, 68,83, 72,84, 76,84, 80,83, 82,82, 85,80, 86,79, 88,76, 89,74, 90,70, 90,66, 89,62, 88,60, 86,57, 85,56, 82,54, 80,53, 76,52, 72,52, 68,53, 66,54, 63,56, 62,57, 60,60, 59,62, 58,66
Polygon 58,112, 59,116, 60,118, 62,121, 63,122, 66,124, 68,125, 72,126, 76,126, 80,125, 82,124, 85,122, 86,121, 88,118, 89,116, 90,112, 90,108, 89,104, 88,102, 86,99, 85,98, 82,96, 80,95, 76,94, 72,94, 68,95, 66,96, 63,98, 62,99, 60,102, 59,104, 58,108

Polygon 58,154, 59,158, 60,160, 62,163, 63,164, 66,166, 68,167, 72,168, 76,168, 80,167, 82,166, 85,164, 86,163, 88,160, 89,158, 90,154, 90,150, 89,146, 88,144, 86,141, 85,140, 82,138, 80,137, 76,136, 72,136, 68,137, 66,138, 63,140, 62,141, 60,144, 59,146, 58,150
Polygon 16,154, 17,158, 18,160, 20,163, 21,164, 24,166, 26,167, 30,168, 34,168, 38,167, 40,166, 43,164, 44,163, 46,160, 47,158, 48,154, 48,150, 47,146, 46,144, 44,141, 43,140, 40,138, 38,137, 34,136, 30,136, 26,137, 24,138, 21,140, 20,141, 18,144, 17,146, 16,150

Polygon 132,69, 133,73, 134,75, 136,78, 137,79, 140,81, 142,82, 146,83, 150,83, 154,82, 156,81, 159,79, 160,78, 162,75, 163,73, 164,69, 164,65, 163,61, 162,59, 160,56, 159,55, 156,53, 154,52, 150,51, 146,51, 142,52, 140,53, 137,55, 136,56, 134,59, 133,61, 132,65

Polygon 132,111, 133,115, 134,117, 136,120, 137,121, 140,123, 142,124, 146,125, 150,125, 154,124, 156,123, 159,121, 160,120, 162,117, 163,115, 164,111, 164,107, 163,103, 162,101, 160,98, 159,97, 156,95, 154,94, 150,93, 146,93, 142,94, 140,95, 137,97, 136,98, 134,101, 133,103, 132,107
