Size 400x400

PenColor 000000
BrushColor 000000

;W
Polygon 32,68, 52,188, 68,188, 80,116, 92,188, 108,188, 128,68, 112,68, 100,140, 88,68, 72,68, 60,140, 48,68
;H
Polygon 152,68, 152,188, 168,188, 168,136, 232,136, 232,188, 248,188, 248,68, 232,68, 232,120, 168,120, 168,68
;I
Polygon 272,68, 272,84, 312,84, 312,172, 272,172, 272,188, 368,188, 368,172, 328,172, 328,84, 368,84, 368,68
;T
Polygon 32,212, 32,228, 72,228, 72,332, 88,332, 88,228, 128,228, 128,212
;E
Polygon 152,212, 152,332, 248,332, 248,316, 168,316, 168,279, 235,279, 235,265, 168,265, 168,228, 248,228, 248,212
