Size 400x400

PenColor 000000
BrushColor 000000

;O
Polygon 128,128, 127,139, 123,152, 117,164, 110,174, 102,181, 91,186, 80,188, 80,172, 89,170, 99,163, 106,153, 110,145, 112,134, 112,128, 112,122, 110,111, 106,103, 99,93, 89,86, 80,84, 71,86, 61,93, 54,103, 50,111, 48,122, 48,128, 48,134, 50,145, 54,153, 61,163, 71,170, 80,172, 80,188, 69,186, 58,181, 50,174, 43,164, 37,152, 33,139, 32,128, 33,117, 37,104, 43,92, 50,82, 58,75, 69,70, 80,68, 91,70, 102,75, 110,82, 117,92, 123,104, 127,117
;R
Polygon 152,68, 197,68, 210,69, 222,72, 233,80, 238,91, 240,104, 224,104, 222,95, 215,88, 207,85, 197,84, 168,84, 168,125, 197,125, 207,123, 215,120, 222,113, 224,104, 240,104, 238,117, 232,129, 222,137, 211,140, 216,143, 224,151, 229,159, 248,188, 227,188, 209,158, 203,150, 197,145, 191,142, 183,141, 168,141, 168,188, 152,188
;A
Polygon 272,188, 288,188, 300,149, 340,149, 336,136, 304,136, 320,84, 352,188, 368,188, 328,68, 312,68
;N
Polygon 32,212, 32,332, 48,332, 48,238, 112,332, 128,332, 128,212, 112,212, 112,306, 48,212
;G
Polygon 248,278, 248,332, 232,332, 232,315, 230,318, 222,325, 211,330, 200,332, 189,330, 178,325, 170,318, 163,308, 157,296, 153,283, 152,272, 153,261, 157,248, 163,236, 170,226, 178,219, 189,214, 200,212, 211,214, 222,219, 230,226, 237,236, 243,248, 246,255, 230,255, 226,247, 219,237, 209,230, 200,228, 191,230, 181,237, 174,247, 170,255, 168,266, 168,272, 168,278, 170,289, 174,297, 181,307, 191,314, 200,316, 209,314, 219,307, 225,300, 228,294, 213,294, 213,278
;E
Polygon 272,212, 272,332, 368,332, 368,316, 288,316, 288,279, 355,279, 355,265, 288,265, 288,228, 368,228, 368,212
