Size 400x400

PenColor 000000
BrushColor 000000

;G
Polygon 128,134, 128,188, 112,188, 112,171, 110,174, 102,181, 91,186, 80,188, 69,186, 58,181, 50,174, 43,164, 37,152, 33,139, 32,128, 33,117, 37,104, 43,92, 50,82, 58,75, 69,70, 80,68, 91,70, 102,75, 110,82, 117,92, 123,104, 126,111, 110,111, 106,103, 99,93, 89,86, 80,84, 71,86, 61,93, 54,103, 50,111, 48,122, 48,128, 48,134, 50,145, 54,153, 61,163, 71,170, 80,172, 89,170, 99,163, 105,156, 108,150, 93,150, 93,134
;R
Polygon 152,68, 197,68, 210,69, 222,72, 233,80, 238,91, 240,104, 224,104, 222,95, 215,88, 207,85, 197,84, 168,84, 168,125, 197,125, 207,123, 215,120, 222,113, 224,104, 240,104, 238,117, 232,129, 222,137, 211,140, 216,143, 224,151, 229,159, 248,188, 227,188, 209,158, 203,150, 197,145, 191,142, 183,141, 168,141, 168,188, 152,188
;E
Polygon 272,68, 272,188, 368,188, 368,172, 288,172, 288,135, 355,135, 355,121, 288,121, 288,84, 368,84, 368,68
;E
Polygon 32,212, 32,332, 128,332, 128,316, 48,316, 48,279, 115,279, 115,265, 48,265, 48,228, 128,228, 128,212
;N
Polygon 152,212, 152,332, 168,332, 168,238, 232,332, 248,332, 248,212, 232,212, 232,306, 168,212


