Size 400x400

PenColor 000000
BrushColor 000000

;Y
Polygon 32,68, 72,128, 72,188, 88,188, 88,128, 128,68, 112,68, 80,116, 48,68
;E
Polygon 152,68, 152,188, 248,188, 248,172, 168,172, 168,135, 235,135, 235,121, 168,121, 168,84, 248,84, 248,68
;L
Polygon 272,68, 272,188, 368,188, 368,172, 288,172, 288,68
;L
Polygon 32,212, 32,332, 128,332, 128,316, 48,316, 48,212
;O
Polygon 248,274, 247,285, 243,298, 237,310, 230,320, 222,327, 211,332, 200,334, 200,318, 209,316, 219,309, 226,299, 230,291, 232,280, 232,274, 232,268, 230,257, 226,249, 219,239, 209,232, 200,230, 191,232, 181,239, 174,249, 170,257, 168,268, 168,274, 168,280, 170,291, 174,299, 181,309, 191,316, 200,318, 200,334, 189,332, 178,327, 170,320, 163,310, 157,298, 153,285, 152,274, 153,263, 157,250, 163,238, 170,228, 178,221, 189,216, 200,214, 211,216, 222,221, 230,228, 237,238, 243,250, 247,263
;W
Polygon 272,212, 292,332, 308,332, 320,260, 332,332, 348,332, 368,212, 352,212, 340,284, 328,212, 312,212, 300,284, 288,212
