Size 400x400

PenColor 000000
BrushColor 000000

;B
Polygon 92,68, 134,68, 150,69, 162,72, 172,80, 177,90, 179,101, 163,101, 161,92, 155,86, 147,83, 134,82, 108,82, 108,120, 134,120, 149,119, 156,116, 161,109, 163,101, 179,101, 176,112, 170,119, 161,125, 170,129, 178,136, 183,146, 184,155, 167,155, 166,147, 161,139, 151,135, 139,134, 108,134, 108,176, 139,176, 152,175, 162,170, 166,163, 167,155, 184,155, 183,164, 178,175, 170,183, 161,187, 151,189, 139,190, 92,190
;L
Polygon 212,68, 212,188, 308,188, 308,172, 228,172, 228,68
;U
Polygon 92,212, 92,292, 95,305, 99,314, 105,322, 116,329, 128,332, 141,333, 154,332, 164,329, 175,322, 181,314, 185,305, 188,292, 188,212, 172,212, 172,291, 171,299, 168,306, 164,311, 158,315, 151,318, 141,319, 130,318, 122,315, 116,311, 112,306, 109,299, 108,291, 108,212
;E
Polygon 212,212, 212,332, 308,332, 308,316, 228,316, 228,279, 295,279, 295,265, 228,265, 228,228, 308,228, 308,212
